193,4
193,3
192,4
192,1
192,3
191,1
191,4
187,4
187,1
187,3
185,6
185,1
185,3
182,1
182,3
173,1
173,3
172,1
172,3
170,5
170,3
170,1
168,1
168,3
166,10
20,2
166,8
20,1
166,4
20,3
166,1
165,4
165,1
165,3
164,4
164,1
164,3
164,2
163,1
163,3
159,1
19,2
159,3
19,1
152,1
19,3
152,3
150,5
150,1
150,3
149,1
149,3
146,1
146,4
145,1
145,5
144,6
144,5
144,1
144,4
144,2
143,11
143,10
143,9
143,8
143,7
143,6
143,5
143,4
143,1
143,3
143,2
138,4
138,1
138,3
125,1
121,15
121,1
121,6
114,3
113,4
106,1
106,3
104,4
104,1
104,3
104,2
103,5
103,1
103,3
103,2
97,1
97,3
96,1
96,3
95,4
95,1
95,3
88,1
88,5
87,1
18,1
87,4
18,3
85,1
85,3
84,1
14,4
84,3
14,3
81,1
13,1
81,3
13,4
79,1
13,3
79,4
61,1
61,3
60,6
60,5
60,1
60,4
52,5
52,3
52,1
51,1
51,6
50,5
50,4
50,1
50,3
36,1
36,3
33,1
33,3
28,1
2,2
28,4
2,1
14,35
14,29
2,3
14,26
14,24
14,19
14,17
14,16
14,11
14,10
14,1
14,5
0,550
0,549
0,538
0,526
0,524
0,510
0,508
0,482
0,472
0,389
0,386
0,384
0,318
0,306
0,302
0,283
0,278
0,9
0,0
315,34
315,33
315,32
